13.32593448 -17.2060516 -16.03305687
-12.14248042 -44.16426243 21.57570439
4.877858092 -11.32392479 20.5544781
-25.67274628 -1.533636691 -3.621705624
4.788101087 4.69287895 -12.97319876
-0.450769443 -2.473185288 9.415609313
16.39898504 16.63909946 -12.95479233
1.160386367 -18.21175565 -16.70251112
-0.102739922 22.98945462 -11.54498871
5.570682191 -3.383766034 16.76034208
-16.33596443 0.488361962 8.287905317
16.50915327 23.16317843 1.288966998
-22.37385466 -11.13452756 -15.923726
35.25685836 -9.234028222 11.22115176
-2.886277659 13.32915638 -11.47273855
-21.03403454 -21.33563888 7.322908648
-2.660627349 -2.940802317 21.28965226
4.37376561 2.967165802 23.81548635
-12.06698935 10.44936624 12.52632248
-3.655727106 3.235051296 -17.48765897