Pic Principle Coordinate: (Cx,Cy):
990.3 547.3

Equivalent Focal Length: (Fx,Fy):
1776.9 1365

Translation Vector: (Tx,Ty,Tz):
-9.8894 5.493 116.302

Rotation Matrix: (r0 ~ r8):
 0.5654  0.5689  0.5973
-0.6183  0.7716 -0.1496
 -0.546 -0.2847  0.7879

Parameters_in:
1776.9      0  990.3      0
     0   1365  547.3      0
     0      0      1      0

Parameters_out:
 0.5654  0.5689  0.5973 -9.8894
-0.6183  0.7716 -0.1496   5.493
 -0.546 -0.2847  0.7879 116.302
      0       0       0       1

Pic Coordinate of opt: (~x,~y):
893.315 396.571
687.013 814.018
989.99 499.615
906.526 411.488
925.988 1098.94
711.856 710.606
522.326 704.45
463.61 780.1
1008.35 527.972
851.701 955.491
935.822 882.616
632.744 881.697
938.924 634.862
934.234 425.884
840.624 432.428
607.412 442.252
962.701 814.272
831.624 449.196
996.854 696.991
995.607 595.725

Pic Coordinate of real: (x,y):
893.315 396.556
687.013 813.95
989.99 499.614
906.526 411.476
925.987 1098.77
711.855 710.567
522.325 704.367
463.609 779.983
1008.35 527.972
851.701 955.395
935.821 882.555
632.744 881.596
938.924 634.857
934.234 425.875
840.624 432.414
607.412 442.199
962.701 814.234
831.624 449.183
996.854 696.979
995.607 595.724
