-60.0001 -60.0001 -60.0001        1        0        0        0        0   120000   120000   120000
       0        0        0        0 -60.0001 -60.0001 -60.0001        1   120000   120000   120000
-50.8577 -52.7737 -44.5255        1        0        0        0        0  65097.9  67550.3  56992.6
       0        0        0        0 -50.8577 -52.7737 -44.5255        1  36617.5  37997.1  32058.4
-60.0477 -59.0182 -60.4564        1        0        0        0        0   115292   113315   116076
       0        0        0        0 -60.0477 -59.0182 -60.4564        1   108086   106233   108822
-50.8426 -53.3763 -53.6459        1        0        0        0        0  97617.8   102482   103000
       0        0        0        0 -50.8426 -53.3763 -53.6459        1    54910  57646.4  57937.6
-53.7353  -61.065 -37.8103        1        0        0        0        0  73402.4  83414.8  51648.9
       0        0        0        0 -53.7353  -61.065 -37.8103        1  41268.7  46897.9  29038.3
  -48.75 -96.2498  39.9999        1        0        0        0        0    58500   115500 -47999.9
       0        0        0        0   -48.75 -96.2498  39.9999        1    39000  76999.8 -31999.9

