Camera : 1
Pic Principle Coordinate: (Cx,Cy):
756.224 553.537

Equivalent Focal Length: (Fx,Fy):
1785.35 1785.35

Translation Vector: (Tx,Ty,Tz):
-0.544472 -0.182599 2.98286

Rotation Matrix: (r0 ~ r8):
  0.877803    0.47798 -0.0315641
-0.0715465  0.0656699  -0.995273
 -0.473648   0.875912  0.0918431

Parameters_in:
1785.35       0 756.224       0
      0 1785.35 553.537       0
      0       0       1       0

Parameters_out:
  0.877803    0.47798 -0.0315641  -0.544472
-0.0715465  0.0656699  -0.995273  -0.182599
 -0.473648   0.875912  0.0918431    2.98286
         0          0          0          1

==================================

World Coordinate: (X,Y,Z):
0.815351 -0.676193 0.764756
0.252599 -0.451974 -0.00920864
0.057791 -0.428849 -0.930816
-0.0723917 0.0699379 -1.2782
0.0407072 -0.053463 -0.518502
-0.000502898 0.000727473 0.000119615
-0.0145431 0.022546 0.115212
3.82687 9.98561 -4.42906
-0.0690176 1.79384 0.0911205
0.469009 -0.0980877 1.55285
0.570535 0.252007 -0.629377
1.27079 1.34256 -0.521673
-0.232013 4.50445 1.48229
15.8268 -43.0705 -4.32209
1.67818 -1.18403 -0.725558
0.38328 1.56805 0.832624
-0.372232 3.2749 0.409503
0.0764776 0.964476 -0.515738
