Pic Principle Coordinate: (Cx,Cy):
756.224 553.537

Equivalent Focal Length: (Fx,Fy):
1785.35 1785.35

Translation Vector: (Tx,Ty,Tz):
-0.544472 -0.182599 2.98286

Rotation Matrix: (r0 ~ r8):
  0.877803    0.47798 -0.0315641
-0.0715465  0.0656699  -0.995273
 -0.473648   0.875912  0.0918431

Parameters_in:
1785.35       0 756.224       0
      0 1785.35 553.537       0
      0       0       1       0

Parameters_out:
  0.877803    0.47798 -0.0315641  -0.544472
-0.0715465  0.0656699  -0.995273  -0.182599
 -0.473648   0.875912  0.0918431    2.98286
         0          0          0          1

Pic Coordinate of opt: (~x,~y):
64.5594 90.4835
54.0595 442.038
49.138 843.693
433.94 955.769
436.839 614.742
429.907 444.061
437.792 201.201
753.237 206.131
694.601 434.797
617.44 954.35
1165.67 969.519
1141.26 605.919
1131.58 314.419
1112.96 42.6425
1335.6 127.485
962.067 33.0561
975.74 405.978
1008.04 891.036

Pic Coordinate of real: (x,y):
64.5404 90.4377
54.0811 442.035
49.2304 843.673
433.99 955.731
436.852 614.741
429.907 444.058
437.783 201.174
753.245 206.104
694.601 434.794
617.465 954.313
1165.65 969.478
1141.27 605.918
1131.61 314.407
1113.03 42.5849
1335.69 127.446
962.113 32.9959
975.752 405.973
1008.03 891.009
