Camera : 1
Pic Principle Coordinate: (Cx,Cy)
589.914 787.826

Equivalent Focal Length: (Fx,Fy)
1810.42 1817.95

Translation Vector: (Tx,Ty,Tz)
-0.265599 -0.56965 2.97086

Rotation Matrix: (r0 ~ r8)
   0.830257    0.556945  -0.0220157
-0.00904048  -0.0490621   -0.998755
  -0.557378    0.829491  -0.0357021

Parameters_in
1810.42       0 589.914       0
      0 1817.95 787.826       0
      0       0       1       0

Parameters_out
   0.830257    0.556945  -0.0220157   -0.265599
-0.00904048  -0.0490621   -0.998755    -0.56965
  -0.557378    0.829491  -0.0357021     2.97086
          0           0           0           1

projection Matrix: M
   1174.31    1497.64   -60.9189     1271.7
  -455.552    564.302   -1843.81    1304.93
 -0.557378   0.829491 -0.0357021    2.97086

Aberration coefficients:（k0~k4）
-31.0275 4.53796 -6.27596 -144.356 217.397

==================================

Pic Coordinate of opt: (~x,~y):
54.3696 76.5152
56.7967 442.989
66.0022 841.486
437.466 951.871
435.857 613.839
427.694 439.096
432.843 181.945
760.998 176.855
697.991 424.603
617.401 952.001
1172.39 971.644
1162.47 598.843
1165.1 285.413
1157.86 -20.2003
1402.93 68.1088
990.322 -24.4524
993.547 388.811
1012.62 891.983
